2638
2607
2371
2649
2653
2657
2654
2669
2709
2720
2731
2741
2759
2780
2794
2800
2787
2766
2773
2806
2811
2817
2823
2828
2857
2862
2867
2872
2879
2876
2888
2885
2900
2906
2915
2831
2836
2841
2846
2882
2891
2894
2903
2897
2918
2912
2909
2608
2655
2662
2663
2670
2710
2721
2732
2742
2760
2781
2788
2774
2795
2807
2812
2767
2801
2824
2818
2829
2853
2858
2834
2832
2847
2851
2837
2842
2886
2916
2901
2892
2898
2922
2889
2877
2863
2852
2868
2883
2880
2904
2895
2907
2919
2553
2573
2594
2656
2671
2701
2711
2722
2752
2789
2813
2761
2768
2775
2782
2802
2796
2819
2825
2830
2845
2859
2848
2878
2884
2899
2887
2896
2890
2905
2911
2908
2917
2924
2921
2833
2838
2843
2874
2881
2854
2893
2902
2923
2914
2925
1968
415
2554
2595
2596
2686
2658
2672
258
260
263
261
252
253
255
251
256
254
265
266
267
268
269
270
271
274
279
276
278
280
284
286
281
282
285
283
287
288
290
293
292
2712
2713
2723
2734
294
289
301
299
300
296
297
302
304
306
303
307
309
310
311
313
314
315
316
318
319
321
320
322
323
329
327
325
326
328
359
360
362
358
361
363
372
370
364
369
366
377
371
381
380
379
382
376
378
373
383
330
331
332
333
335
334
336
337
338
339
340
344
345
343
341
342
346
347
348
349
357
350
355
353
351
352
356
354
386
387
390
385
384
391
404
397
396
400
402
394
392
401
399
403
398
395
408
411
405
410
418
407
409
416
414
417
420
423
412
413
419
425
427
424
426
421
422
438
436
433
429
440
435
430
431
441
432
434
446
447
444
443
445
449
457
453
450
455
459
458
456
452
463
451
464
462
466
460
461
465
467
471
468
477
476
475
472
469
473
474
481
478
479
482
483
480
492
487
485
489
488
493
490
486
491
494
495
496
499
498
552
554
556
507
555
557
501
502
503
504
508
506
509
505
515
513
512
516
511
514
510
522
518
517
523
520
519
528
524
529
530
531
525
526
527
533
535
537
539
532
546
547
545
540
544
541
549
558
559
560
561
562
563
564
565
567
2575
2611
2659
2673
568
573
569
570
571
572
2714
2724
2744
2753
2556
2576
2688
2660
2674
2703
2705
2704
2715
2725
2736
2754
2252
2776
906
907
905
863
861
864
859
860
865
866
862
872
867
873
871
869
868
875
870
876
2783
2769
2797
2799
2762
2790
2814
2820
2826
2839
2849
2844
2870
2855
2860
857
854
851
852
856
853
855
896
894
895
898
901
902
900
889
897
886
890
884
892
891
887
885
893
888
881
882
879
912
911
909
910
918
917
919
914
915
916
923
921
927
924
929
928
925
930
933
936
935
934
937
932
931
942
948
938
946
939
945
947
941
949
943
944
953
950
955
952
951
958
965
956
964
961
962
959
963
957
966
971
968
973
969
970
972
974
976
977
987
982
981
980
978
979
983
986
984
990
994
995
992
988
996
993
989
1003
1007
1005
998
1004
1001
999
997
1006
1000
1010
1011
1014
1013
1012
1015
1009
1021
1018
1017
1023
1024
1022
1019
1020
1016
1027
1025
1026
1064
1028
1031
1063
1030
1029
1065
1069
1066
1071
1070
1072
1068
1074
1067
1073
1080
1079
1076
1075
1078
1077
1081
1084
1082
1088
1085
1091
1092
1087
1090
1083
1089
1086
1098
1100
1099
1094
1096
1097
1095
1093
1106
2559
920
1107
1104
1108
1103
1101
1102
1119
1105
1109
1112
1115
1113
1111
1114
1117
1110
1118
1128
1127
1122
1123
1124
1126
1120
1121
1135
1134
1138
1139
1131
1136
1133
1140
1129
1141
1132
1137
1143
1144
1142
1146
1148
1149
1147
1145
1151
1153
1154
1150
2560
1358
1359
1353
1352
1351
1257
1253
1254
1255
1304
1302
1303
1301
1305
1258
1259
1354
1364
1365
1360
1361
1362
1357
1356
1166
1171
1168
1167
1169
1170
1181
1179
1174
1180
1182
1176
1175
1177
1178
1183
1173
1164
1158
1155
1156
1157
2561
2578
2628
2661
2675
1413
1414
1416
1415
1419
1420
1422
1423
1424
1427
1425
1426
1428
1429
1435
1439
1436
1442
1437
1443
1440
1445
1441
1444
1448
1446
1447
1449
1451
1450
1453
1455
1454
2716
2726
2737
2755
2746
1457
1456
1433
2562
2579
2583
1483
1465
1463
1462
1460
1459
1495
1500
1501
1502
1503
1505
1506
1507
1508
1509
1472
1474
1475
1476
1477
1479
1481
1478
1485
1484
1482
1473
1464
1466
1467
1468
1469
1471
1458
1486
1487
1490
1488
1489
1492
1493
1430
2676
2563
2584
1510
551
368
365
367
553
388
389
393
406
2630
428
439
442
448
454
1513
1514
470
484
497
500
1355
521
536
543
295
298
312
317
324
908
913
904
1524
1516
1512
1517
1519
1520
1523
1521
926
2677
940
954
967
960
975
985
991
1002
1008
1116
1125
1130
874
1363
858
899
1172
1163
1152
1421
1438
1522
1525
1526
1452
1518
1461
1480
1470
1491
880
883
877
878
1432
1431
1434
1504
1539
1540
1529
1536
1531
1532
1533
1534
1535
1538
1544
1546
1528
1530
1547
1548
1550
1551
1545
1537
1542
1541
1543
1552
1556
1557
1558
1559
1562
1564
2564
2585
1571
1572
1577
1574
1575
1573
1576
1578
1580
1581
1583
1584
1587
1560
1563
1565
1566
1567
1568
1570
1569
1651
1652
1653
1654
1655
1656
1657
1658
1659
1660
1661
1662
1663
1561
2565
2586
2601
2632
2664
2678
2706
2717
2728
2763
1709
1710
1711
2770
2784
2777
2803
2808
2727
2756
2798
1730
1727
1729
1731
2566
2602
1952
1967
4513
1977
1980
1982
1981
1985
1979
1978
1953
1902
1962
1976
1969
1964
1961
1983
1988
1905
1965
1989
1990
1851
1957
1959
1986
1970
2051
2052
2053
2008
2010
2012
2011
2013
2007
2054
2006
1995
1997
1998
1999
2002
2004
2005
2066
2067
2071
2074
2076
2103
2104
2105
2106
2107
2057
2058
2060
2062
2063
2064
2154
2153
2157
2255
2185
2186
2187
2251
2253
2189
2178
2180
2181
2183
2173
2174
2175
2179
2166
2167
2169
2159
2160
2161
2204
2205
2206
2263
2264
2262
2266
2265
2260
2268
2267
2278
2282
2303
2279
2273
2280
2309
2271
2269
2283
2301
2286
2285
2287
2288
2276
2302
2305
2308
2310
2306
2270
2304
2274
2275
2284
2311
2312
2354
2313
2314
2355
2351
2352
2359
2363
2360
2362
2357
2356
2261
2353
2665
2603
2633
2365
2373
2369
2367
2372
2366
2370
2368
2358
2648
2666
2707
2718
2473
2474
2729
2739
2748
2764
2785
2809
2821
2771
2757
2778
2804
2792
2815
2417
2569
2636
2364
2650
2667
2498
2500
2501
2503
2504
2506
2507
2510
2505
2509
2508
2512
2570
2637
2361
2652
2651
2668
2708
2702
2719
2730
2749
2758
2772
2765
2791
2793
2810
2805
2816
2786
2779
2822
2827
2856
2840
2861
2871
2875
2835
2866
2931
2934
2937
2932
2935
2940
2946
2952
2947
2948
2949
2951
2943
2942
2964
2963
2956
2967
2958
2957
2955
2961
2971
2966
2975
2970
2969
2976
2968
2978
2981
2984
2980
2985
2977
2930
2928
2941
2933
2936
2944
2945
2983
2965
2950
2954
2962
2974
2982
2953
2972
2959
2986
3005
2998
3003
3000
2991
2990
2987
2996
3016
3022
3011
3024
3009
3008
3017
3021
3029
3036
3033
3034
3028
3032
3038
3026
3042
3037
2992
2995
2994
2999
2989
3001
2993
2997
3002
3010
3006
3027
3030
3031
3039
3051
3046
3064
3053
3072
3065
3062
3060
3055
3068
3061
3056
3084
3077
3078
3079
3083
3071
3073
3086
3091
3096
3097
3098
3085
3092
3099
3101
3089
3047
3049
3052
3054
3057
3059
3066
3070
3076
3081
3082
3093
3095
3100
3151
2869
2865
2864
2873
2910
2920
2929
3104
3106
3107
3110
3116
3119
3118
3112
3105
3111
3125
3127
3123
3122
3121
3120
3124
3133
3130
3132
3129
3131
3128
3135
3134
3143
3138
3136
3139
3137
3142
3141
3146
3144
3145
3140
3148
3109
3117
2939
2927
2960
2973
2988
3007
3020
3045
3050
3040
3080
3102
3094
3113
3126
3147
2850
2913
2926
2938
2979
3153
3155
3156
3013
1963
3162
3164
3167
3175
3179
3181
3183
3185
3186
3187
3188
3194
3195
3196
3203
3204
3205
1984
1903
2009
1958
2075
2513
4565
4654
4759
4845
5281
5360
5399
5476
4610
4518
4566
4655
4760
5161
5282
5322
4847
4432
4675
4519
4567
4656
4761
4881
3428
4848
4520
4612
4657
4670
4676
4805
4918
5050
5049
3387
3386
3429
3370
4878
4879
4521
4569
4658
4880
4884
4963
5162
4677
3371
3388
5323
5361
5400
5439
5477
5514
4850
4659
4522
4570
4614
4885
5052
5164
5205
4678
3389
3372
5401
1527
2059
4571
4615
4660
4679
4722
4921
5053
5122
5165
5206
3432
3390
4808
4852
2272
2277
2281
4572
4616
4661
4887
4922
5055
5123
3374
3433
1951
1954
1987
2190
2307
4662
4681
4888
4923
4967
5056
5167
3373
3434
4618
4663
4768
4889
4924
5168
3377
3436
3375
3376
3392
437
4664
4769
4969
5104
4683
3378
3394
3437
5403
5442
5246
4473
4620
4665
4684
4926
5105
3379
3395
5516
4474
4622
4666
4771
4892
4927
4971
5106
4685
5069
3380
3396
3439
5444
5517
4667
4859
5107
3440
3381
3397
5329
5368
5445
5550
5614
4476
4624
4668
4929
5108
3382
3398
3441
5446
5551
5583
5649
4861
4669
4774
4895
4930
5109
3383
3442
3399
5484
5370
5408
5448
5552
5616
5293
4533
4626
4671
4862
4896
4976
5110
3384
3400
3443
5294
5553
5617
4479
4534
4582
4627
4672
4733
4776
4897
5111
5133
4690
5372
3385
3401
5410
5450
5486
5554
5586
5618
5653
4535
4673
4933
5112
5374
5451
3402
3403
5255
5296
5373
5555
5587
5620
5619
4481
4584
4674
5022
5113
5178
5488
3446
5556
5666
5695
4482
4865
4585
4779
5070
5114
4693
5222
3405
3447
5257
5376
5775
4483
4586
4631
5071
5115
5223
4694
3406
3407
3448
5258
5337
5454
5558
5776
4484
4539
4587
4738
4781
5025
5116
5224
3408
3449
3450
5559
5591
5658
5669
5698
4540
4541
4633
5338
4983
5660
3409
3451
5261
5301
5340
5416
5592
5670
5699
4589
4590
4634
4869
4939
5027
5075
5457
3410
3452
5302
5593
5700
4870
5028
5594
3453
3411
5303
5419
5458
5701
5778
5807
5673
4636
4699
4785
4828
4872
5029
5702
3454
3412
5420
5495
5595
5734
5757
4593
4637
4743
4906
4786
4987
3413
3455
5265
5496
5704
5803
5808
5266
4547
4701
4908
5344
4830
4874
5384
5423
3414
3456
5597
5705
5804
4548
4639
4702
5080
4875
5598
3415
3457
5307
5385
5805
5810
4549
4640
4703
5033
3416
3458
5599
5634
5677
5806
5500
4550
4641
4991
5034
5083
5600
3417
3459
4833
5309
5708
5785
3418
3460
5035
5191
5084
5349
5427
5465
5501
5678
4912
5601
5636
5763
5786
4643
4706
4749
4792
5085
3419
3461
5311
5350
5637
5764
5787
4835
5857
5571
5603
4644
4750
4994
5037
5193
3420
3462
5312
5429
5503
5712
4554
4645
4708
5038
5743
3421
3463
5313
5430
5572
5604
5816
4555
4646
4752
4951
4996
5039
5152
5195
5713
5744
3422
5767
3464
5314
5431
5573
5605
5640
4556
4647
4710
4753
4796
4839
5040
5089
5153
5196
5768
3423
3465
5432
5574
5606
4558
4559
4648
4840
4953
5041
5154
5240
3424
5575
5607
5685
5715
5769
5819
4560
4649
4650
4712
4954
5155
3425
5608
4562
4651
4755
5092
3426
5435
5577
5644
5717
4607
4652
4800
4843
5158
5200
3427
5578
4564
4653
4801
4844
4957
5094
5159
5201
5547
5645
5280
5719
7083
6658
6596
6597
6598
6599
6600
6602
6603
6606
6607
6608
6653
6656
6662
6667
6668
6670
6672
6604
6674
6675
6676
6685
6686
6687
6695
6697
6706
6709
6725
6711
6732
6733
6735
6741
6742
6747
6749
6750
6751
6758
6829
6830
6832
6833
6834
6839
6841
6844
6847
6850
6851
6852
6853
6854
6855
6857
4511
4512
4514
4516
4517
5580
4803
4804
4883
4720
3430
6889
6891
6892
6894
6896
6898
6900
6901
6903
5315
6595
3431
4853
3391
3435
4725
3393
4619
3438
5366
4686
5582
5447
4625
5449
5652
3444
4480
4777
3445
4692
3404
5724
5590
5072
5259
4588
4591
5119
4592
5459
4546
5383
5497
5233
5464
4642
4552
4553
5638
5151
5505
4557
5745
5818
5746
4561
4563
5093
5437
6601
6666
6683
6740
6831
6856
6929
6931
6932
6934
6936
6940
6941
6942
6950
6952
6954
6938
6944
6946
6947
6949
6955
7288
7290
7291
7240
7236
7234
7231
7226
7229
7235
7225
7237
7224
7242
7244
7232
7233
7230
7228
7243
7238
7227
7241
7239
7605
7619
7650
7703
7706
7753
7755
7789
7774
7782
7777
7772
7775
7771
7763
7705
7786
7791
7799
7800
7807
7825
7830
7824
7811
7808
7813
7821
7817
7861
7810
7906
7874
7867
8016
8197
8199
8209
8836
7599
7600
7620
7613
7484
7486
7750
7756
7483
7901
7898
7611
7617
7610
7608
7879
7909
7910
7911
7869
7851
7859
7852
7866
7890
7883
7884
7858
7865
7862
7889
7895
7885
9157
9158
8832
9159
9160
8834
9161
9162
9163
9164